0 0 0 0 0 0 0 0 0 0 0 0 0 0 0 0 0 0 0 0 0 0 0 0 0 
0 0 0 0 0 0 0 0 0 0 0 0 0 0 0 0 0 0 0 0 0 0 0 0 0 
0 0 0 0 0 0 0 0 0 1605 409 411 411 442 0 0 0 443 411 409 1611 0 0 0 0 
0 0 0 0 0 0 0 0 0 0 0 0 0 412 0 0 0 412 0 0 0 0 0 0 0 
0 0 0 0 0 0 0 0 0 0 0 0 0 412 0 0 0 412 0 0 0 0 0 0 0 
0 0 0 0 601 601 601 0 0 0 0 0 0 412 0 0 0 412 0 0 0 0 0 0 0 
0 0 0 0 0 0 0 0 0 0 0 0 0 412 0 0 0 412 0 0 0 0 0 0 0 
0 0 0 0 0 0 0 0 0 0 0 0 0 412 0 0 0 412 0 0 0 0 0 0 0 
0 0 0 0 0 0 0 0 0 0 0 0 0 412 0 0 0 412 0 0 0 0 0 0 0 
0 0 0 0 0 0 0 0 0 0 0 0 0 412 0 0 0 412 0 0 0 0 0 0 0 
0 0 0 0 0 0 0 0 0 0 0 0 0 412 0 0 0 412 0 0 0 0 0 0 0 
0 0 0 0 443 411 411 1505 411 411 411 411 411 451 411 411 411 441 0 0 0 0 0 0 0 
0 0 0 0 412 0 0 0 0 0 0 0 0 0 0 0 0 0 0 0 0 0 0 0 0 
0 0 0 0 412 0 0 0 0 0 0 0 0 0 0 0 0 0 0 0 0 0 0 0 0 
