0 0 0 0 0 0 0 0 0 0 0 408 0 408 0 0 0 0 0 0 0 0 0 0 0 
0 0 0 0 0 0 0 0 0 0 0 408 0 408 0 0 0 0 0 0 0 0 0 0 0 
0 0 0 0 0 0 0 0 0 0 0 408 0 408 0 0 0 0 0 0 0 0 0 0 0 
0 0 0 0 0 0 0 0 0 0 0 408 0 408 0 0 0 0 0 0 0 0 0 0 0 
0 0 707 0 0 0 0 0 0 0 0 408 0 408 0 0 0 0 442 411 1005 0 0 0 0 
0 0 0 0 0 0 0 0 0 0 0 408 0 408 0 0 0 0 412 0 0 0 0 0 0 
0 0 0 0 0 0 0 0 0 0 0 408 0 408 0 0 0 0 412 0 0 0 0 0 0 
0 0 0 601 601 601 0 0 0 0 0 408 0 408 0 0 0 0 412 0 0 0 0 0 0 
403 403 403 403 403 403 403 403 437 0 0 408 0 408 0 0 0 0 412 0 0 0 0 0 0 
0 0 0 0 0 0 0 0 404 0 0 431 807 432 0 0 0 0 412 0 0 0 0 0 0 
0 0 0 0 0 702 0 0 802 0 0 0 0 0 0 0 0 0 412 0 0 0 0 0 0 
0 0 0 0 0 0 0 0 404 0 0 0 0 0 0 442 905 411 440 0 0 0 0 0 0 
0 0 0 0 0 0 0 0 404 0 0 0 0 0 0 412 0 0 0 0 0 0 0 0 0 
0 0 0 0 0 0 0 0 404 0 0 0 0 0 0 412 0 0 0 0 0 0 0 0 0 
