0 0 0 0 0 0 0 0 0 0 0 0 0 0 0 0 0 0 0 0 0 0 0 0 0 
0 1101 0 0 0 0 0 0 0 0 0 0 0 0 1101 0 0 0 0 0 0 0 0 0 0 
0 0 0 0 0 0 0 0 0 0 0 0 0 0 0 0 0 0 0 0 0 0 0 0 0 
0 0 0 0 0 0 0 0 0 0 0 0 0 0 0 0 0 0 0 0 0 0 0 0 0 
0 0 0 0 0 0 0 0 0 0 0 0 0 0 0 0 0 0 0 0 507 0 0 0 0 
0 0 0 0 0 0 0 0 0 0 0 0 0 0 0 0 0 0 0 0 501 0 0 0 0 
0 0 0 0 0 0 0 0 0 0 0 0 0 0 0 0 0 0 0 0 501 0 0 0 0 
0 0 0 0 0 0 0 0 0 0 0 0 0 0 0 0 0 0 0 0 501 0 0 0 0 
0 0 0 0 0 0 0 0 0 0 0 0 0 0 0 0 0 0 0 0 501 0 0 0 0 
0 0 0 0 0 0 0 0 0 0 0 0 506 0 0 0 0 0 0 0 501 0 0 0 0 
0 0 0 0 0 0 0 0 504 0 0 0 501 0 0 0 0 0 0 0 501 0 0 0 0 
0 0 0 0 0 0 0 0 501 0 0 0 501 0 0 0 0 0 0 0 501 0 0 0 0 
0 0 0 0 0 0 0 0 501 0 0 0 501 0 0 0 0 0 0 0 501 0 0 0 0 
0 0 0 0 0 0 0 0 501 0 0 0 501 0 0 0 0 0 0 0 501 0 0 0 0 
