0 0 0 0 0 0 0 0 0 0 0 0 0 0 0 41 0 0 0 0 0 0 0 0 0 
0 0 0 0 0 0 0 0 0 0 0 0 0 0 0 41 0 0 0 0 0 0 0 0 0 
0 0 0 0 0 0 0 0 0 0 0 0 0 0 0 41 0 0 0 0 0 0 0 0 0 
0 0 0 0 0 0 0 0 0 0 0 0 0 0 0 41 0 0 0 0 0 0 0 0 0 
40 40 40 40 40 40 40 40 40 40 67 0 0 0 0 41 0 0 0 0 0 0 106 0 0 
1 1 1 1 1 1 1 1 0 0 65 40 40 40 124 66 0 0 0 0 0 0 0 0 0 
1 1 1 1 1 1 1 1 0 0 0 0 0 0 0 0 0 0 0 33 0 0 0 0 0 
0 0 0 0 0 0 0 36 0 0 100 0 0 0 0 0 0 0 0 33 0 0 0 0 0 
0 0 0 0 0 0 0 119 0 0 0 0 0 0 0 0 0 0 0 33 0 130 0 0 0 
0 0 0 0 0 95 0 36 0 0 0 0 0 0 0 0 0 0 0 33 0 0 0 0 0 
909 910 0 0 0 0 0 36 0 0 0 0 0 0 0 0 0 0 0 33 0 0 0 808 0 
1 1 1 1 1 1 1 1 1 1 1 1 1 1 1 1 1 1 1 1 1 1 1 1 1 
1 1 1 1 1 1 1 1 1 1 1 1 1 1 1 1 1 1 1 1 1 1 1 1 1 
1 1 1 1 1 1 1 1 1 1 1 1 1 1 1 1 1 1 1 1 1 1 1 1 1 
