13 13 13 13 13 13 13 13 13 13 13 13 13 40 32 0 0 0 0 9 9 0 0 0 0 
0 0 0 0 0 0 0 0 0 0 0 0 0 9 32 0 0 0 0 4 4 0 0 0 0 
0 0 0 0 0 0 0 0 0 0 0 0 0 9 32 0 0 0 0 4 4 0 0 0 0 
0 0 0 0 0 0 0 0 0 0 0 0 0 9 33 31 31 31 35 4 4 0 0 0 0 
1 1 1 1 1 1 1 1 1 3 0 0 0 9 0 0 0 0 30 4 4 0 0 2 2 
1 1 1 1 1 1 1 1 1 3 0 0 0 9 0 0 0 0 30 4 4 0 0 2 2 
0 0 0 0 0 0 0 0 0 3 0 0 0 9 0 0 0 0 30 4 4 0 0 2 2 
0 0 0 0 0 0 0 0 0 3 0 0 0 36 29 29 29 29 34 4 4 0 0 2 2 
0 0 0 0 0 0 0 0 0 3 0 0 0 0 0 0 0 0 0 4 4 0 0 2 2 
0 0 0 0 0 0 0 0 0 3 0 0 0 0 0 0 0 0 0 4 4 0 0 2 2 
0 0 0 0 0 0 0 0 0 3 0 0 0 0 0 0 0 0 0 4 4 0 0 2 2 
2 2 2 2 2 2 2 2 2 2 2 2 2 2 2 2 2 2 2 4 4 2 2 2 2 
1 1 1 1 1 1 1 1 1 1 1 1 1 1 1 1 1 1 1 4 4 1 1 1 1 
1 1 1 1 1 1 1 1 1 1 1 1 1 1 1 1 1 1 1 4 4 1 1 1 1 
